map_config:
  latitude: 37.4169056333992
  longitude: -122.016036660455
  elevation: 16.0
  roll: 0.0
  pitch: 0.0
  yaw: 0.0
